6416
3627
2643
93611
1859
13756
58188
20332
157
161049
5698
632
200119
12482
24464
13532
36506
134071
1
21
743
93338
1
3141
135425
143652
289
61572
713
8567
374
47753
9411
1737
3130
9409
1554
44361
136416
17
59493
24550
85040
8643
40613
94
302
980
59
28963
4856
51
29761
3914
147699
11
37242
110427
37038
5421
1396
4
559
975
20169
245
989
18673
19607
196875
1
52191
7658
9
31603
139826
13
5998
42037
69400
31036
22965
24576
5498
14082
40682
163621
33858
40213
48491
121037
27647
23248
66431
78420
108789
14402
32381
42871
89786
116729
161105
28036
25703
4493
83110
42139
34051
31322
3551
80556
9332
21157
32490
5580
22550
79457
35164
31360
56513
57601
42836
13390
43265
35937
140706
136793
18808
3864
53814
104040
22092
50530
152932
33954
46774
67092
33770
40642
62716
39174
126936
87987
90244
57359
72935
51326
31419
85004
41116
191526
2141
119046
40496
6436
60257
42950
61269
26075
11414
70189
25010
31476
25330
52100
127693
36792
14518
89360
14230
90854
11964
46102
37025
22950
1281
101985
51674
43250
40358
49421
3865
33020
3134
57614
58382
159682
89410
79876
71213
33480
91824
49432
7558
4698
46530
31578
102316
7828
8877
10
46
1320
3028
3522
707
23326
46017
63345
9161
195804
20955
21547
956
57548
8043
7872
39491
4206
55933
6
42664
58224
151928
40476
32
4713
19600
6890
41129
12
122605
121056
1
11847
24875
20032
30
2231
14557
51933
18457
3711
27483
5
56067
36471
68605
28836
188056
234919
53
9335
27654
10305
31390
104
67273
4
10487
46118
109419
135517
14372
18144
612253
6347
149
7186
4457
18554
111210
77405
88291
27745
22776
50915
27087
158784
4622
293
19306
16309
10562
11468
10479
14362
147277
98395
117
67136
74914
3974
58
19
42859
26243
16
658
1113
527241
47082
47326
34399
917
81
101
91546
7318
13112
96177
48573
14901
99635
29870
101212
65693
17647
29096
169077
20265
40472
7257
173773
47
166604
105376
13885
44934
40130
131886
1
91260
6991
21725
2152
57477
231
12609
7
2
36520
50
5369
1341
37902
5
18678
1998
19685
16340
21817
774
41002
5039
33458
13980
1167
973
39966
128611
18805
49672
1826
1517
110351
17859
11539
23980
59718
71508
21
37130
49184
867
87101
27612
29569
43386
105220
79
52146
14
4566
41744
18620
153
144
24057
151100
40
29950
8387
17392
51120
1
155
26660
31590
69477
17228
105505
46560
159218
26023
28581
63
495
15076
3165
63325
3
76238
66635
5095
13401
53610
124674
44049
32194
66558
6096
152406
89700
8725
11295
4
1247
47090
32405
6832
3918
103356
2195
439
16722
133
69154
1907
1988
4628
1142
1478
624
239
75
466
307
58
42
115
99
103
144
3729
1
18718
22432
4331
110
12737
36201
81840
14883
2078
94183
8550
109046
3326
362857
26374
64577
356
71006
56
18993
59294
13615
663
35272
93
36904
14574
14
8963
2954
135095
8381
2754
3981
5093
369
35332
18150
3504
401
60887
67781
36705
1
64756
124463
67105
2
969
20379
54333
1418
5862
285823
281
232
332
3510
310
56291
22698
2
296
57588
147246
48291
426
28604
9
280
115402
14856
10669
378
160
16
5743
308
48700
14488
6401
20
46390
1810
54084
4819
77900
8123
138111
230
93179
8841
8606
4469
6
1596
1756
80526
3770
75968
21155
130
14119
20139
1
52363
24326
78049
31627
5567
19099
65472
11990
69
171772
5343
16051
12739
581
97532
8553
20427
133419
4156
38842
565
83
3520
51746
98999
13691
44697
34098
327
19815
315
8378
17857
58605
1770
129
44763
13
3
57
69099
121417
52
595
37615
97
462
57076
10129
2837
74947
45634
28621
28715
10950
113085
7263
8782
9422
9209
9048
5370
29489
16995
26260
34810
6871
16
5281
12015
4638
10280
1440
31310
6201
20150
19725
20254
86969
5613
3629
39607
51074
35378
6645
21776
7712
4700
7306
68077
1
275
35029
35687
20441
102926
13036
20267
38671
40586
21878
3994
7021
49753
109732
52692
134729
21
4523
115
1460999
15
31358
136733
1
10
2309
109039
3
56606
729
8
78279
22749
7783
17594
4752
40620
692
27721
166
365
22992
23736
14809
16193
2633
1961
26
8
69
4746
78
77
2729
414
5
2
2
8
8
2
4
19
1
7
4
37
10
6
4
11
10
23
25
56
23
21
41
1
4
24
32
120
8
37
31
29
3
1
40
83
45
76
1
30
4
10
6
90
85
224
115
78
7
24
61
2
4
4
47
11
164
111
69
75
16
572
22300
52
22514
50542
12028
484
30359
6960
43311
197994
52
63898
99
1878
11818
107692
45318
9436
8784
34
1610
2983
78350
58096
121668
154578
72135
14
69226
38245
42124
17512
30187
23754
6045
594
15620
986
102
16870
55
35095
25774
11053
49193
17859
36473
5615
2161
37769
11750
3102
22878
3695
160868
64
13890
13812
14898
750
12817
40242
24386
14581
87
9959
125049
43073
34389
2992
5858
216
62837
7850
22819
2632
84511
41611
62487
243261
6269
1259
5375
26400
96917
44980
145802
17827
32151
2041
8699
160
46895
39
30
27
3
68
46
38
17597
49310
120743
67
68702
38485
34593
33750
54061
3
4633
23726
665
44632
15578
9
105388
768
3575
17615
7507
20265
2703
113540
64261
77464
494211
52564
21429
15064
48362
64897
3201
30885
88187
60289
142375
102577
164618
142184
222
102438
410
72328
21252
37409
102
4290
60
640
4688
29228
5207
10074
99
39134
33166
96527
3257
16553
46964
22890
7947
403
5623
101120
31351
2341
130783
8596
31136
4198
1146
470
668
66189
32209
5
7628
4994
2651
96771
19108
16802
17861
18482
90590
18849
21073
34923
14532
3205
28615
34976
28333
308
8310
6432
1317
37618
2
18285
4726
4542
20477
2038
136444
142506
1782
22502
447
2753
63022
82926
527
365
8123
45640
1006
261
67467
7
2020
2943
4317
19413
73338
58131
8158
123
22785
52897
83712
54378
24203
40986
21009
83755
7
109267
24836
28
27
21247
42158
44
72915
18149
20623
27043
104
604
748
1318
7
52248
15383
6564
24005
3556
64585
16
11528
13136
60936
37878
25343
4712
46859
32174
510
48217
33
19
81129
4236
34362
32198
4
44493
3464
75
42114
5145
45943
21853
397797
4105
16611
21443
4574
2595
753
8010
14380
33349
1958
95391
720
10751
318
4282
62259
10757
101415
146625
34858
48130
35992
31
12020
10143
915
22957
28894
3154
1798
5
317
23896
68134
640
1
25
40
115455
63
105548
23
92288
60983
16017
38255
1886
101
115721
43617
35031
62746
38770
19139
16290
9
13521
9710
5696
904
39628
30554
14174
13371
142
133849
5
12621
9058
41150
16141
68813
20030
82387
944
33163
18959
918
2169
32
37163
10464
45502
28
35971
29066
14977
6492
22704
4
114550
83289
23701
19290
40131
12310
17963
21681
97600
33620
17409
5083
90929
20915
20317
5640
11081
26659
29388
59651
12484
43271
83218
17970
33604
4
16910
20444
4
17166
2288
70304
3468
27990
21665
831
110080
27071
33917
127691
55
121687
35210
2
32492
121187
83
4024
90763
7081
86204
23328
12286
82
79237
19
89
30037
30966
76312
14981
26536
42456
25773
40325
2562
41647
65779
11900
35245
16734
1654
206
36203
44
866
89454
1786
2627
1967
657
62519
22546
46772
54386
82095
63529
47896
15663
33241
81703
7610
27767
40504
28674
39561
931
96
321
4623
6706
25450
25481
58
37012
546
46967
20968
63
27043
769
428
9007
154
73416
788
274564
122956
15178
54
17189
4464
2
206552
10707
33400
11514
20188
17425
43872
77424
25816
375013
34998
31702
2280
194685
6805
2
9
32125
2758
15345
5175
39938
14134
134
5193
2230
23959
819
900
4
9417
371
704
64
78688
22371
2322
231
596
122
47944
40753
66927
32304
5524
59672
15330
38
629
123
248
18645
3213
90292
22003
80953
237440
111745
113717
171957
49375
40461
55437
46618
10875
17422
15166
103532
40532
24675
31212
1197
74888
1726
111346
8400
4202
252
905357
2610
14044
55
15
122
37284
23605
18337
13585
6577
28046
17791
20415
57175
4
75872
17973
43601
54291
2628
9507
10176
20678
21698
24445
64468
512
1087
736
218
2884
1043
28199
59912
1600
195
76732
82761
15971
9455
146
322
117
543
157475
8955
152176
27167
66931
189874
118138
131479
37794
91182
70787
60359
68065
38
73066
9
16252
158319
2
63992
17
907429
86698
91208
38879
1413
24421
8098
529
104
14
22
107
91292
14624
20485
19982
9
1
25525
16244
4158
752
2325
272
3459
144167
53292
50510
45625
46951
44904
28390
44450
56218
1377
1525
634
68583
51973
27389
35716
11787
16377
96163
117
46786
54380
147440
6
126192
63988
15107
51502
11344
2956
43541
137527
1
1472
131154
88253
146111
8586
68500
100359
32155
31464
10303
91
48392
3066
481
5952
5609
6893
26669
11279
3405
910
611
283
1835
37168
100794
103191
1986
6999
30346
10009
11610
5886
14296
79675
103233
68329
5002
421436
3971
68290
171386
2219
103365
19332
74999
1947
33439
3
12946
32365
6055
1
556
9094
10714
71734
229040
76900
109
52257
9389
814
15014
6984
196627
58
296583
2
169768
20356
8379
21404
13585
3301
3498
1908
139750
17821
3176
1172
99034
2748
56600
3345
17507
36125
76917
23708
23684
62678
12943
23634
16142
50795
26716
50715
42226
27585
2680
23252
42162
17
113561
41037
5876
15681
51966
65032
62024
11387
20049
25836
31524
89349
751
1433
102
12007
239
61826
6705
63
35940
33929
12689
592
97105
2545
30823
5110
51345
39525
60379
82522
364
20128
118028
1966
480
60479
17317
27320
4011
20182
45506
47
56009
23265
545
4367
146064
75001
110474
22513
141
68
110525
17
21855
30811
44133
14894
16638
397
1976
39653
1158
7173
13
26256
61744
2283
44791
79102
24706
114421
14506
14244
21696
27320
17365
3
25595
1273
71497
88158
49213
16184
165905
31396
27866
38681
67483
82734
11101
11429
49494
362275
77714
2177
32556
6382
86193
38006
6548
4032
6266
7023
49141
143861
36595
2659
7146
33337
749
6284
10002
388
1091
958
18859
40661
15520
17450
41737
44890
116284
61111
3082
9533
29023
20348
23084
34521
20630
1972
84
95235
103
36998
55269
109761
3
82176
79712
286
39038
133170
90
73183
5403
93863
61
4137
116701
32839
44675
115840
143573
70158
111291
161427
9825
47422
2989
14856
30410
76594
48292
38072
25520
1985
1067
21253
2490
142329
2185
39897
222
9485
56
1070
4937
76
30
1286
1772
23093
49678
57570
7801
10607
26219
16182
12275
22
612
83
999
11722
406
29557
7790
18228
49229
136996
36052
21521
47584
13169
17490
11379
124565
1
65852
74605
102112
485
16853
12443
359
176
3580
75311
30016
7092
284
3
74900
48537
133
78686
41426
161701
411551
330443
28227
25574
11887
100023
6897
21185
1
157625
31
642
75678
924
260441
13836
52840
87685
66875
39520
15609
12534
84617
12731
41318
142
27
49
15
11
7226
26969
5456
175
26422
4673
20449
4789
144626
52313
1175
8553
15985
57710
73979
693
467
781
13
645
11295
40280
88971
33460
21504
29307
43052
30714
23201
13944
2445
10676
1
20340
5340
34927
19
209632
244746
29165
21883
22
10050
53517
4669
2369
78177
15618
28796
10073
2
2472
154710
28068
3386
20362
625
159513
46178
44
9797
10
35462
8378
49884
877
32443
10723
2625
1215
1135
91615
94219
96889
90503
19759
131
52104
69296
80552
39450
6638
283
87
364
35073
80273
42090
56421
86299
13
3149
161559
185560
170610
81
79375
55907
110709
37742
26710
68745
64620
61074
8
8619
6118
41299
22344
718
66376
41
198
8146
29268
25179
7
3
10376
91
50658
7394
14092
25783
5567
11035
108277
19878
211036
22613
1888
2077
13780
28840
23559
41425
486
26354
14
86805
294
15408
122349
81408
52892
2778
28896
5305
2080
25730
24495
324677
310191
47598
54819
30412
14142
48834
217119
117
63434
1198
28450
30184
1
38
18
169
41104
5580
5765
3623
37809
24499
4742
29061
2424
110
9716
270
74296
93080
46149
5546
58147
115241
20045
53590
36669
935
76928
15113
10293
2527
78334
50763
57623
20465
49275
1533
1368
732
91664
90930
58257
56931
3554
82104
108
144927
38071
128139
4515
42245
2745
168
1262
2367
91
144285
32132
56312
16693
97579
110953
42780
2450
22796
88043
103556
96043
19401
418
140838
9
52880
3
45
29971
40958
20530
1195
3510
57
81564
34683
35981
2715
33894
61913
99953
13241
17218
138114
74792
9742
52444
359
21714
25829
840
1068
785
4214
2817
1436
1634
606
146
1270
91
1872
565
1776
1773
318
368
1259
699
3658
3382
3820
792
449
2144
984
563
2626
2329
1110
954
1750
371
2001
2498
2068
4
27751
104020
79972
1296
30068
1741
1
30211
100178
326
30191
133470
6458
72385
64704
22625
42041
476516
217
6776
2
1027
161
5677
104278
9983
94594
12775
2517
38637
42367
16144
3391
23834
20947
10
37121
756
745
21498
17791
15724
4958
2443
62661
3
1024
125
135
50917
2823
6791
588
3160
44
1448
2995
4782
1978
5253
67512
35961
8096
165
652
721
15052
21070
66
33021
15797
14360
51812
73459
25941
17204
955
34186
258506
18565
19454
69697
82728
1977
88807
46907
20
34873
1652
34266
287
141
69043
27274
5143
55275
143029
126856
642
28083
7397
321
11834
163711
22499
4440
5779
56086
1972
162805
5506
32143
10
79
262957
4452
4
137
26464
11766
9222
12454
50584
664
1303
347
36496
28243
103120
35165
43899
48595
68437
113171
4708
215
16566
28524
39994
82024
36584
75051
1010
122672
6700
24694
42855
47714
642
43
19771
37878
123487
12
22245
46916
1
21696
7974
3
23244
2
591
82758
672
9243
20715
5987
3943
28778
32819
15428
5634
1130
1616
82992
165694
498769
52939
3033
89
37
426
277625
55816
4410
150258
48478
146375
21753
84657
7009
11014
6662
1789
4382
50415
8410
37599
75201
761
62819
6216
17190
663
60541
26
10242
89637
109089
119344
19689
29149
36545
21936
69584
27188
33262
31978
307
16
1493
16552
85604
63633
25533
22294
117841
102901
21050
59747
46530
8758
46536
1413
24813
376
232
104549
273875
26876
86755
12108
71537
291903
85043
129953
93145
176937
8938
111956
22444
83
91421
334202
305673
36549
80899
4
83272
1
6
155342
18120
190910
105738
65861
25329
80731
274294
16
3
56
2
15
22
3
3
168
52
18
16
2
7
9
18
111
9
4
229
10
10
49
11461
1873
60
180
27169
3287
87
79
69137
3818
76624
63
48971
8198
14783
18494
8933
19928
300
27648
3268
19613
24176
166041
192419
7174
62799
43453
17844
40288
163
10926
342
50228
83876
155864
101528
14
7446
13019
300
2532
12150
501314
2000
55390
47620
14464
11760
15043
20237
66779
99771
22620
12790
95664
102977
56520
378
96981
1
174730
50096
2353
275899
53032
2428
207
1468
51102
57036
4
31545
6179
1047
6
44758
21281
44296
33106
26722
38897
12153
52684
21
6493
36587
49096
31678
316
47855
17730
32874
10385
4214
23863
936
22179
1956
81995
2361
7
49502
3
20227
38960
61611
32997
17677
28776
20788
74883
7
23749
64232
889
930
58699
3436
69
67692
70096
67503
11104
39
47749
4185
4577
94
17843
1124
75532
39333
115
19333
1638
13887
7891
44
37491
3
24603
11
46220
6044
7608
52242
50717
3
24
60
11023
1210
76815
19
1058
116631
25710
91
294937
22881
48884
542
19396
35316
50459
9667
3442
8955
29478
43
61994
3
9735
30
22408
6277
2
17711
13511
766
12516
32
125999
31302
1731
9061
3124
3662
8
10336
22231
34298
327
15831
7982
17058
42882
22259
155