12408
6410
7499
29
76109
2902
37265
97127
30038
754
183731
10971
2198
412674
27253
43762
33614
66014
154301
77
2552
122921
4
6969
178547
262618
826
101329
2228
15654
713
84071
18401
2960
5818
15743
3219
60139
183771
24
81041
37764
103497
16299
67646
8
190
855
4633
124
55846
9323
19
360
57778
8753
241849
21
67478
173242
58271
8
10646
2453
22
952
1552
40752
571
1636
31646
33586
287175
15
70334
12617
51
57201
138307
9
10171
58944
107638
49376
36802
47058
16297
26485
64349
211219
42341
74555
90891
179610
43646
50028
113193
108922
185056
26641
51912
76618
115874
167518
273127
52854
36656
10181
124128
79643
61977
42314
5061
104520
14119
26874
53768
13849
40100
119442
51185
43361
84257
182267
72148
18890
56769
61504
223023
204733
24789
9591
88207
124033
30352
79472
219650
56419
70586
95970
48963
61762
120741
67981
193050
170469
141805
85979
101321
70139
57667
136475
91247
81805
3488
219469
70786
13578
87916
58125
96422
42348
22568
106497
39026
49241
44832
60988
169599
71812
19451
103220
26771
132255
19651
70682
55625
33285
3423
158784
86587
72140
54983
74111
6573
57501
6099
89531
85448
189843
138666
87465
103142
48799
144501
82982
17285
10768
101924
53675
177565
22524
16545
7
61
324
3104
6934
7327
1763
46197
103881
62436
20264
259777
33491
38215
2866
519277
20824
22170
58493
3924
104017
28
76643
83763
5
219657
68633
93
10341
43372
12986
80862
29
184562
24
189183
1
25135
50552
44630
286
3569
30355
73160
28673
12434
40184
15
77059
10
55109
112236
54599
256592
217336
91
19877
66847
19197
61009
505
101339
21
12818
91895
133920
266787
28357
35307
1073103
10174
20
620
20089
7941
35001
182192
122462
166143
40734
26368
85289
29503
123285
9309
865
43538
28433
17432
24865
25581
21119
268511
171474
356
81973
97590
8780
373
93
72968
35198
312
1631
2575
597919
72753
72285
54253
2036
730
227
148210
12
15558
25375
184543
100877
23328
219840
64949
73090
172034
41130
60711
232749
40256
82242
14091
289103
237
211876
107213
27215
35642
51054
194310
15
140591
10803
41815
4434
112706
378
10671
35
33
60634
150
7913
2964
50138
35
32396
3214
34058
24542
34158
2482
74948
8711
65009
23455
2808
2620
88698
210827
17
41502
114644
4635
4186
134162
39346
25133
37803
95313
112587
22
64269
85860
2056
121957
77334
52245
48885
7
116230
446
84451
16
46
3289
87467
32904
408
305
9
38150
289808
52
46223
19230
42533
108746
17
195
44473
42214
68935
31203
193767
94968
207204
42125
18
24
56152
316
1811
25153
7989
89661
10
107269
2
102716
11053
30751
92116
187935
77260
63742
115337
15157
322731
166237
17987
15247
158
3118
100237
60911
13717
8675
154816
9
2095
1404
5331
309
103173
1840
1878
4229
914
1226
1557
825
275
1194
771
172
181
432
474
487
492
8886
19
30256
55816
6199
597
35227
55569
145308
8
29422
4643
152087
15030
151193
9481
525933
46872
22
112205
804
117111
4
280
39350
82276
23905
1388
59413
401
36015
22925
77
14625
6246
219843
17625
5942
8924
13698
1089
135244
29856
6360
621
7
85915
109007
58607
16
97673
202739
90383
26
2
2241
31303
103816
2927
11069
296217
3
587
712
713
5056
882
107888
33021
12
2528
118186
199778
82181
1783
50609
15
7
1288
178630
32115
25853
1994
510
27
12187
771
72937
34545
13210
53
71338
5312
99723
8371
14
142116
15183
218135
10
542
131969
8161
25462
171618
14
6203
7124
136596
6857
90323
43069
166
24007
26026
7
113
69813
41389
129703
72854
10726
39036
122921
21265
387
208452
5
9646
29581
26303
2318
157969
8
18723
29643
215353
6139
66454
1424
261
15567
100233
171130
21408
74015
63691
548
40347
766
12731
25035
89813
3032
16
514
61528
23
2
395
101229
186733
323
2887
88712
378
2209
91992
20106
6213
120790
82666
53540
44910
19810
285586
16753
21148
23029
24940
24583
12086
71921
46144
61354
97744
15432
73
14272
31516
17759
24653
3960
82547
17878
47865
53773
44431
243147
15690
10879
111158
125181
82139
14105
50347
19049
10489
16022
112929
67
938
78110
60866
7
33499
171269
26515
24451
55157
59540
41485
8998
18410
73331
200441
14
88590
240438
89
6642
429
2837624
67
47520
207058
9
13
5381
120052
10
76547
1236
51
147562
41369
10976
31659
8857
59599
2314
44971
374
1195
49401
52129
33979
22597
6528
2559
366
4
62
172
8835
442
13
17
2
79
693
1299
37
15
40
22
16
82
29
10
85
15
8
19
32
55
62
70
53
41
8
7
55
37
37
162
123
177
13
11
6
87
65
215
184
313
268
181
10
30
5
14
6
166
7
10
127
130
296
39
335
330
260
14
7
61
40
8
188
279
188
180
15
22
182
94
95
12
501
533
1053
499
292
78
36
142
21
15
26
39
96
30
524
455
278
375
125
2719
28273
116
23693
129932
44692
1417
61405
16105
83870
268995
317
88067
238
43
4057
15206
147048
267759
23068
18816
262
3477
9411
106597
11
72027
9
167248
212943
5
130298
8
91174
3
60545
30379
39828
60887
100326
14921
1426
29875
2549
340
31557
358
47009
9
38297
9
26174
81443
36882
75115
11634
3383
78105
24998
6417
54390
12273
229672
341
25657
22335
26923
1593
16781
59222
10
34354
21001
302
25928
149370
80095
64725
5208
8267
889
73637
13987
36416
5150
121598
72148
106611
7
362515
4
7837
12
1209
14263
38570
9
107719
67337
276762
28080
55928
6472
14891
589
67851
118
83
92
25
440
137
148
33555
86500
201906
352
75886
54535
48831
50682
97429
20
11966
8
38554
1497
75908
25186
29
146326
2383
5405
29189
14131
30488
5346
165276
99100
109653
761766
72107
49111
21835
73590
93860
7455
46935
81448
95246
215371
155215
95878
273404
521
140953
659
96253
35140
49599
244
9743
377
1500
12743
50699
9611
15294
270
43437
37940
152997
5471
24816
44485
35599
14528
796
14486
174419
51273
6328
196441
12521
60243
3886
2761
922
2089
87124
52096
9
20316
11427
5277
224982
38992
37148
38389
22335
137412
44750
50086
75040
36562
7404
64715
66095
56191
1083
20491
11569
2958
7
50429
9
31167
13202
10159
30734
3373
194866
250668
7880
34124
1157
4761
228105
114227
1772
887
16690
40
67126
31
1963
645
125075
60
5832
2294
7304
43161
152149
78790
16
31790
291
20278
92870
145784
110620
37131
105332
48717
135210
33
186563
32746
186
87
39600
57625
283
89495
40495
31127
44605
131
1157
1211
2472
34
20
103681
25223
5437
29125
6283
110502
139
17999
10652
53505
33665
23622
7388
69519
43927
944
88167
77
38
114174
9460
55525
48160
5
19
56613
7933
194
60396
7972
78016
35143
564829
6035
4908
31696
5
11125
5400
1591
21361
32247
45338
9
4056
178470
1383
17315
866
9398
68743
23119
130790
237128
63786
91227
65500
94
19023
24
17635
2001
53207
48963
5309
5783
64
811
34616
94303
1456
13
50
57
155
147580
6
368
18
10
6
137629
135
124855
97888
28154
68751
3420
215
193309
8
83459
68827
109514
70773
26500
26681
20
31903
21178
11883
2198
73665
14
45068
20406
20340
521
201476
47
21761
14166
76465
48853
94603
35691
141615
3097
58504
31451
1226
4917
261
67249
11940
6
99119
26
65337
56949
22871
15187
47748
24
119404
142399
53216
37021
86887
33108
2
28655
27616
213311
50752
35660
9
10060
152787
54647
39405
11243
20800
57776
42783
85646
17338
62035
101818
43918
60801
38
24398
32595
25
37520
5237
76957
11961
56158
26851
2249
155092
46526
63847
173729
159
166734
20
52794
18
60939
214531
81
33727
137757
13103
132782
35447
16385
439
111255
31
306
35194
50291
65263
22310
58053
63979
35469
77491
6290
57882
79978
18066
59217
26572
5721
2886
95394
169
2652
104072
2737
3480
1064
1379
116934
41623
75526
104172
117942
116786
92740
23844
50553
141985
12138
23510
61299
49683
65803
4560
399
934
9645
12731
33902
38107
199
49396
794
69002
25701
179
57351
1948
862
8
21262
21
401
129586
5360
326535
142196
20464
99
6
32472
6309
18
245583
17
16397
58413
5
16522
31456
25799
50901
81493
36306
540141
76609
65524
4589
379699
13865
18
26
49042
7707
30515
13834
66388
27686
672
14595
4987
43727
1754
2532
13
13930
1295
1
1041
239
114598
37788
13
4537
443
1581
474
112745
111965
157003
66830
12768
75187
27848
95
2228
380
592
31259
3
5622
71934
39182
230560
309998
165935
12567
234857
77190
71909
88979
88021
14864
14388
22054
148446
64954
37576
49281
8030
130798
5261
217889
13132
7025
728
1046611
6611
25897
330
71
616
69320
1
47932
21088
30557
13095
44191
34696
33989
97502
36
10460
27838
75426
88798
5456
18635
20654
38074
17226
41865
89818
9
1490
9
4
2475
2149
510
4029
2455
57296
83875
3077
617
159441
130260
28837
4
4707
467
703
641
3536
174146
19332
225360
43825
89235
246037
161681
197171
9
61032
4
165751
110608
95242
6
91406
7
74
109640
50
25736
184208
28
106582
20
5154933
121614
117833
50504
4530
46412
16418
1697
584
43
55
435
141391
9
33967
35978
41645
50
43
42718
36833
4483
1779
4793
915
7680
164925
88094
73677
69107
75764
58216
52666
64868
85950
3826
4158
1987
110246
81576
44335
74429
28249
20315
144443
323
66220
77405
202701
37
136362
92046
27885
83576
12983
7637
84938
190543
14
3823
177261
11
123482
16
233837
18925
95762
84491
54185
44061
15811
402
67737
5923
1468
6961
11959
12870
37835
10619
8106
3820
2055
737
3357
57790
12
129100
139005
4692
14575
47407
21934
22446
12227
23676
114567
136659
10
211391
16392
713722
11511
98248
126088
3724
128045
15
33347
133825
4844
73146
36
18772
52004
8897
13
1655
15616
19196
114114
6
325542
7
103170
355
80357
15876
4866
26214
14121
293087
335
420535
8
279507
41087
5160
37322
26671
5156
8117
3767
196325
33921
5303
1767
202655
4295
83135
15415
38728
80574
118360
4
34970
34219
97067
23049
31670
31228
88566
52416
84543
76234
36435
3603
36823
74015
112
153969
81141
10439
22528
121981
131101
134188
25984
49968
35141
41410
145089
2728
4095
492
17051
562
96627
15881
8
289
50803
20
38638
23452
1382
124196
5117
51787
9755
39690
62537
65832
124279
3
1430
35980
208818
5504
1287
112417
38710
43758
10409
46867
81287
170
96372
4
70665
1132
9603
221844
129481
154151
20004
283
241
183674
43
42864
57
49210
10
217931
22619
26607
9
995
3815
64484
1636
12152
225
37295
103505
2518
95748
169192
51541
145837
29583
18355
47045
39341
6
7068
41
40068
4403
106567
143962
38578
13823
14286
24123
25036
29335
105883
56047
16617
4
22942
82890
419582
124656
4189
34313
12902
139982
22635
12552
7386
10
10425
11771
65963
196755
75245
6795
38
14101
57877
10
1171
8027
24335
1279
1889
4074
37948
55861
30892
34841
82178
63705
151105
90118
11692
12471
8
45708
38532
36983
57365
41010
3696
237
150515
782
57248
5
75125
133049
31
11269
104928
693
51051
162379
180
127116
11338
110773
352
8664
170086
9
134073
46309
112964
230202
250580
32
142472
84121
15258
71753
3639
30920
49019
125764
82331
63045
38160
7
4217
6037
41211
6083
184990
14
4666
80460
926
15615
382
3166
8233
266
333
3395
1710
42382
70684
74565
14354
18944
55037
23748
21467
27
1293
350
2812
19438
1069
48191
18686
22533
3
69533
229180
70484
49303
100577
39921
36630
23658
204476
27
98670
14
150859
162748
2189
25909
18045
737
33
459
4920
96028
50386
11778
795
50
117733
73626
222
119489
91813
178004
191088
14
238820
39466
50285
11724
160298
5
12455
31554
4
264725
10
87
1846
104701
2520
398065
28613
99725
131971
147182
60951
40400
31219
155256
27183
70291
658
79
272
20
37
13825
48328
9681
541
47176
11102
40838
7842
286790
41335
1679
12874
24610
5
84085
14
105405
14
2184
1895
1854
294
1596
17766
68754
136720
5
47132
39894
53399
73164
52549
41971
35884
7053
15530
28
21110
4906
51236
69
309488
362286
56005
34300
288
20452
74365
7711
4552
95926
27775
49618
17275
37
4875
221212
37906
7971
35004
1730
272925
76282
136
14015
46
56688
31979
82228
2062
70012
19650
5154
5477
2766
149045
150820
140635
10
127121
40822
480
70884
118280
96140
50562
11
3166
643
259
1079
56944
103883
68224
68606
161851
42
9370
203768
228809
282927
113
109209
88989
145188
47779
53169
93401
84734
123012
35
12352
8769
51905
31660
3620
107972
408
641
21662
34549
5
29755
48
10
18841
349
117485
17058
33241
60950
12074
25360
138209
25068
275522
32750
2541
2685
23436
39154
134859
88252
1164
39164
281
22
127163
768
37220
218179
151452
101871
12904
60021
4529
5485
52598
40720
267124
375569
55993
85524
35261
20145
64843
263378
353
116377
2346
96787
60013
14
91
80
270
48790
10
6952
8623
5854
64520
1
36046
5862
59025
5362
460
106766
1147
113257
11
133213
68550
8181
110250
200968
32608
72087
55948
2764
117464
27826
20875
5149
102119
81351
93970
7
39644
81935
2664
2484
1500
154584
188047
83795
7
85337
6453
136415
306
254000
74860
195071
3975
84242
5068
281
1884
2291
234
473490
96586
539417
25072
7
140284
166319
67287
5619
50008
6
125977
5
143292
140540
60827
1050
197907
124
102205
13
193
47317
53835
28489
2029
8959
130
137833
54030
50876
4517
70531
106446
145802
22364
28361
203397
116319
5
18504
86004
1113
43353
45529
2117
2705
2317
8477
6536
3364
5035
1289
753
3399
224
4868
1018
3747
2770
858
1062
3210
2437
8804
6105
8521
1981
961
4778
1771
1482
5604
3301
3144
1262
2989
1833
5433
4415
5389
53
43294
138390
5
133493
3190
57684
2660
26
44977
220541
1333
67085
232999
14511
121801
105383
42641
65851
669336
519
14125
14
2165
366
17136
203157
16946
140837
29378
4214
6
80356
8
65780
30477
7244
39155
37516
60
30031
1678
2249
19920
16148
26925
7561
9
5704
112266
42
2486
270
767
81972
6121
8702
1594
4652
234
3648
5289
8400
3885
8152
103791
52630
13653
998
1375
2084
28700
41496
132
50867
29005
27768
96759
88205
38570
38365
2865
43340
288107
21944
25568
72216
116927
3862
110998
69067
7
80
22342
3766
35076
905
350
132124
48675
14428
77512
6
239719
7
174046
1
5917
50619
11082
588
24059
262882
38513
8213
14784
95382
4397
212755
12893
50540
54
302
334882
7902
15
336
44894
7
22632
21717
22086
98524
2106
3960
1286
60539
52383
191737
62618
89751
83326
113726
166210
9918
709
27841
62314
66554
175244
60675
131849
2952
172292
11158
50775
68923
72295
1994
271
81104
16
58404
210067
47
16330
84844
5
30893
11312
25
29184
19
1443
128936
8
1737
13026
7
30441
6
9963
10210
47236
57274
23764
8063
3396
5451
81404
284343
755683
90190
6739
270
81
1459
395700
44001
9764
293146
89114
198844
94807
143702
12664
20267
12323
3756
8087
92728
15753
50752
100767
1827
110110
13802
26287
2011
89296
12
24260
120023
180370
9
191871
43540
40020
74545
38267
134269
47696
47081
47384
909
45
3877
25015
127511
83695
47643
44374
270361
133557
40729
84750
87101
24819
67588
1914
54010
804
674
126915
369927
33938
154597
19037
129585
431023
137537
221338
148133
231395
18687
255902
71241
558
191527
593186
404603
56818
129684
30
133477
14
9
307421
34387
244899
178960
83162
62418
114517
399061
124
28
80
9
20
58
94
42
39
207
95
124
95
14
9
13
69
146
50
11
31
19
365
63
5
14
20
57
234
30218
4401
383
463
41915
6767
311
415
85837
4583
160590
370
89158
14832
29325
14
18073
16373
30807
1276
50675
9033
30566
34332
116580
265845
11579
165832
108565
42896
78349
392
6
17003
1815
100282
123476
243744
166520
108
23642
18693
791
4413
19804
760545
5565
77943
73017
38142
26219
30097
35605
94337
130399
3
45009
34092
127987
183177
119718
944
183670
15
228512
91988
4759
382739
88753
3521
638
2223
75580
92178
22
43188
8141
1630
15
56274
32690
51120
53844
43351
49328
18368
5
61623
156
8240
46766
69621
49775
3
364
80522
39608
59058
17035
2643
48262
2232
43941
2806
76887
4638
34
75449
3
41261
64138
125682
55937
36189
93112
28124
94649
14
42111
101499
8
2526
3159
92661
8976
333
135155
91009
128653
20516
9
77
62290
9
10775
7546
160
37217
2975
110820
72422
199
34619
4191
32767
12587
255
66724
19
44578
8
23
77884
10835
14988
106768
92002
19
69
141
18055
6
2188
157043
36
3263
109026
44563
135
387442
33404
14
82788
3708
34392
43327
77162
5
15322
19
7235
20627
70138
314
99695
32
16356
219
38425
10824
25
36748
30573
1395
20789
91
201519
50620
7
2604
17337
5962
7329
22
20847
32029
56970
511
28021
4
14102
32610
91023
9
43439
312